76
89
76
76
66
95
82
79
41
66
54
64
65
90
61
75
81
57
98
80
76
86
85
101
88
81
84
45
47
97
64
78
73
59
89
80
75
67
84
94
73
77
85
43
59
84
97
99
85
81
63
67
69
70
76
93
101
97
79
80
44
83
98
57
35
78
94
85
95
79
52
95
53
73
81
93
68
85
66
92
57
62
71
87
79
92
96
83
94
84
94
87
86
90
89
66
66
87
84
75
82
59
51
62
85
69
93
86
69
59
68
94
95
86
87
72
79
82
100
89
88
61
85
85
90
91
95
87
82
94
82
33
94
93
69
90
75
71
94
83
84
64
80
71
66
64
60
100
93
54
84
79
96
79
78
92
49
98
87
93
96
78
37
88
95
74
101
100
80
66
78
82
54
74
77
83
81
87
51
68
90
95
83
101
96
52
42
61
45
90
73
71
88
89
96
100
94
85
97
69
70
43
47
55
81
97
99
79
83
75
70
100
74
68
56
67
96
100
48
54
64
94
77
71
97
77
96
88
51
74
39
66
39
39
70
96
92
96
79
62
85
72
75
74
96
79
98
65
67
86
57
72
50
67
91
84
95
81
43
78
79
92
79
89
98
52
37
42
101
76
80
97
76
79
69
96
100
96
70
69
69
79
93
90
50
68
74
101
86
73
82
57
84
39
77
82
68
43
82
95
89
78
71
74
82
86
98
61
86
98
77
82
80
94
70
100
79
68
82
90
95
90
100
101
83
82
79
28
70
79
69
81
62
75
69
97
89
75
81
66
22
90
86
89
94
87
82
67
73
55
99
81
95
95
88
49
92
82
46
72
61
81
68
65
88
68
93
88
75
64
85
55
75
92
52
91
87
92
85
81
46
58
83
42
68
71
62
100
62
85
91
78
75
38
75
101
83
69
80
72
100
62
93
75
65
85
83
91
40
98
89
101
76
82
83
25
67
81
85
88
83
82
85
66
63
96
46
91
95
70
76
73
96
99
64
78
91
85
92
18
89
73
101
93
73
71
82
85
51
94
101
73
68
93
55
70
87
76
81
54
92
52
72
86
73
101
90
50
60
87
98
78
98
84
76
62
62
85
72
85
91
60
83
95
90
80
99
52
73
74
80
61
96
80
71
100
72
97
62
84
83
83
84
96
88
85
95
65
93
87
60
80
86
86
52
97
72
55
66
98
84
97
62
85
99
81
73
72
59
93
65
78
75
97
84
91
53
94
69
51
101
94
94
76
76
69
68
79
95
75
101
83
89
70
73
78
65
64
86
63
52
74
100
58
43
75
87
90
96
76
47
85
84
34
31
70
70
24
80
70
96
86
83
60
62
66
85
61
58
70
96
91
99
99
100
50
95
80
91
101
70
53
77
63
58
77
81
71
79
62
97
90
71
93
74
98
65
80
97
81
71
77
